480001
660004
650044
480072
480094
580117
480098
760122
640159
490144
480202
480211
650199
640205
640216
640240
760251
740224
760270
760277
480306
480319
700274
630314
630318
640339
550326
630351
480360
650347
550381
110266
760441
480432
590351
630432
480456
480458
480469
630453
560478
740392
760549
640503
480549
480564
480585
580568
580589
480610
700494
760624
480633
630618
640647
480705
650650
650654
070522
480750
550665
180197
650711
700638
550719
480825
650738
480842
480859
750736
480931
630963
750777
750778
110654
750799
750800
660871
480004
480008
750007
630011
760019
650015
650016
480018
580027
650022
590021
480028
480036
630040
580047
630043
640057
550045
700041
550053
630059
480064
010068
480070
630073
490082
760089
130097
480087
740081
550075
670079
760098
590078
460036
580139
630111
480113
480134
580156
650132
480148
550134
630139
760158
480171
410085
580191
760170
650172
580195
740178
740177
550196
650206
510114
500206
480226
580245
490189
550212
580287
630268
760282
490234
580300
630280
550257
480291
750245
480298
550262
480316
480325
550291
480329
480330
760329
750278
560315
510181
700288
700293
550319
480348
640345
480355
700302
480359
700305
550363
490303
550367
630384
650372
650379
580411
550376
630401
480402
550396
630412
700365
550442
660383
480460
480462
750403
550451
770345
480485
480489
480490
580481
700399
760506
630473
630477
630480
650465
640479
480510
630485
650470
480517
590419
480531
740404
480536
650483
480541
630519
640500
700430
480554
580543
520306
640534
480566
550550
630578
580576
630579
630582
740456
480612
550563
550567
760618
760619
130672
630621
640614
630636
650575
630650
630653
590505
650582
480670
650587
580627
650593
750534
580637
650597
480684
750539
520368
480691
700547
550625
580648
480711
630706
760688
640667
700564
550639
580659
500667
630731
480727
770491
010565
760717
480737
650659
740560
480773
700610
640716
490597
580716
700623
480793
480797
480815
480816
630826
500722
130856
580755
630851
760813
720691
630858
580794
480854
490647
480856
630880
480860
550769
750676
480863
480872
480873
760874
550793
480877
590677
630906
480883
480885
760898
600428
630926
480900
480904
480905
580878
480909
520531
550844
480916
630950
480921
550852
700777
650843
590741
630991
480950
650899
580946
550893
650902
700822
650909
760982
700832
580982
650932
631037
650935
650939
650944
110715
490800
700862
670900
481034
650002
630003
490006
630024
060035
650039
550039
480049
700052
760079
480074
480081
580103
590080
580122
670111
480112
590114
550120
520076
700132
480157
480161
700145
550163
480182
630162
700160
480193
700169
630194
480207
550191
580225
630202
630204
580230
130237
700192
550206
630221
650207
700203
640245
650230
760254
650239
650242
500252
490241
480303
550270
760307
700270
580323
030244
650312
640323
650315
750295
490278
640342
580380
650346
550346
550347
480370
510209
650366
110255
550371
480387
720339
500381
490329
140355
550406
760464
480425
550418
480470
640456
580473
760504
700401
630476
650466
480519
650486
480553
700456
110384
630576
480598
650539
630594
650552
480630
650557
630616
480642
550598
480671
660572
480674
580634
480690
630686
700567
700572
550666
650656
480754
650664
480765
550678
660650
650671
480774
550693
700627
750633
480821
630846
550750
550759
640797
480861
650770
700720
480874
550802
110591
650790
740709
480919
580900
480932
560940
700793
700794
550881
580926
650874
500881
640908
550910
650917
490777
481005
650933
500931
761019
481032
480003
550007
650014
750013
650032
650050
700034
650056
500066
770060
480086
480091
550087
480097
480102
480110
580150
700125
700130
480151
480167
060116
480173
650169
550173
480191
480205
580226
060158
490176
630212
480227
630226
550214
580261
760242
480241
630263
480267
520149
490229
160211
480300
480313
490264
630418
700359
550425
650420
650422
650443
480494
480497
590391
750425
550493
640493
480534
740409
700449
650512
650518
480565
480603
480609
760606
480632
480647
480650
480653
480676
630657
580633
480688
650600
480715
650635
580667
480729
480733
650662
480759
580704
580710
630783
110503
760775
480807
480820
480833
480839
700668
500755
480853
580799
630893
480866
650780
720767
770654
650818
700758
580880
550845
480924
700787
480941
131043
490743
550878
490756
630999
480972
700836
580001
490011
760014
630012
490023
480029
480041
480042
640075
660060
480071
480079
480118
480119
660106
480135
480139
640144
480163
080095
580190
650166
640181
630177
480213
480221
650209
650243
700229
480257
480259
480268
700236
700238
480276
630275
650260
480289
480302
480318
650288
580322
480321
640310
480341
550306
760357
480351
630348
650363
750337
480379
480388
480396
480400
480404
550401
480418
480440
760487
650442
500436
500444
480492
590387
640468
480503
480514
490406
480523
480525
640489
480528
580511
580516
480532
650526
480582
630596
480624
480646
480663
480665
490503
480668
550611
630667
590512
480687
490516
110449
550630
520390
630774
650676
490598
480805
550744
480852
700688
750673
500785
650775
550792
490676
550832
480910
480943
500880
650905
500904
480980
700831
650913
481009
500943
550003
480035
640048
660041
580054
650074
650080
580091
480078
480083
550069
550074
580114
480090
480100
480127
480174
480177
760174
480199
760208
630201
630206
710155
480228
490212
480250
480277
550251
480308
480311
580335
700286
630359
480365
480381
480390
650389
650396
480408
480411
480412
480421
480443
480449
480459
480480
480482
630465
550468
480511
630488
650477
700464
480578
550548
550553
480652
630648
650586
700536
750537
700541
650605
630690
650622
630718
480720
480730
480735
480740
550676
480768
650678
650689
640734
480806
480812
480845
750659
480855
660749
480876
650835
650848
700795
480948
480951
700817
580951
480978
481020
500004
650012
550019
480033
060037
480034
700028
500065
550061
760072
630064
480076
580099
650086
480092
760100
650095
700082
650100
650103
580120
630110
650116
550112
770117
700119
060107
480137
480147
650139
740132
700135
740137
550144
550149
630141
130177
740148
480180
650176
700157
760189
580205
700164
550179
580216
650196
480219
700185
480223
640237
700208
480236
480242
700213
700215
700219
650240
550239
480255
700228
480260
630265
650251
480299
550263
630286
650281
660256
630290
640294
670278
550288
480333
650305
630308
550309
550313
650319
480349
630342
700300
630352
480362
480363
630363
640370
700323
630370
480373
550365
480386
650383
550382
480392
650390
700349
480397
580418
630423
630425
630426
480436
480437
650419
480445
650431
480453
640435
480455
480463
480466
580466
630459
580475
640466
650457
480493
630475
630517
580529
700437
480550
480551
630535
630536
650497
550526
700467
550544
740444
650528
480581
580564
630575
580581
630586
550559
760609
760614
760627
480629
630615
060421
480639
480648
550592
480656
550602
550604
650576
700527
700534
650595
630666
550622
630688
700548
490530
480707
480709
670591
700566
630723
480722
500672
480746
550663
480749
480760
480762
480763
580692
650667
630768
480770
550684
630781
480779
580707
480786
760768
480799
530562
650698
700634
630809
770537
480811
700646
550723
550724
480822
700662
580774
480843
550758
480849
550773
550780
500799
480875
650785
550810
630909
550841
480929
580898
700781
580905
480935
500866
480940
700789
630978
580916
630987
700802
480960
500892
480985
480987
700835
480988
750821
590799
580966
480991
580968
550913
750825
631023
481001
700850
631044
650948
550001
770021
490027
630017
480025
590020
650045
580083
130121
700089
650134
700155
550177
550178
630185
650193
650202
700207
760243
700212
760253
630251
650237
580276
480261
650246
480290
580313
550267
480304
590229
010272
580329
650302
480336
750280
490268
550301
640324
650338
550344
650351
700320
480367
650361
480374
580413
740331
550383
550419
630427
480450
750399
630448
550448
650448
550454
580469
750413
630494
480546
770380
590450
740447
550552
480586
480589
490455
550561
550586
480669
630682
480696
640661
580679
480745
580687
700593
550675
700602
650673
660677
640737
740591
480814
770572
480838
750654
650748
480847
750664
580787
490654
700710
550776
480881
500814
770637
650802
480920
630955
700779
650842
650849
750776
480942
630975
630977
650866
480947
650881
480961
480964
740777
700814
480969
640918
580964
590802
670881
480015
700012
480026
650033
480032
750044
630052
580082
640087
650072
760083
700061
580110
700090
480111
650121
630123
750141
650144
750151
550151
700166
750178
550201
550207
700193
480234
500226
550222
650235
650236
740218
500241
480253
480256
700235
480271
580305
700269
550285
700276
580337
580342
630316
760369
630344
480356
480368
650362
650367
550411
480431
480442
670399
630438
650423
480446
740374
580449
670415
480478
480479
550482
580515
580520
580527
700428
580528
480545
700440
760559
480575
580563
550551
700471
480599
640566
480626
480636
650562
480657
480658
480659
480681
760663
480693
550621
550623
550627
760682
650617
480728
760720
550653
490564
480752
630777
650686
590584
480800
670658
630820
500729
550740
750660
480869
650787
750710
550812
740710
650822
490723
630967
700799
590767
760965
480962
580936
650888
650897
700820
480986
480996
580977
060001
060008
480053
550050
480063
580086
480068
490090
550076
480106
480132
480153
750157
500158
700156
550183
550190
480220
650211
580271
700216
760276
660231
480273
700239
650259
480284
670296
700291
480346
480350
480358
480389
580419
630410
640408
480419
480420
760462
550424
160350
700366
700367
130510
480447
740375
480454
550445
760488
480471
110302
630456
480504
660428
480520
480524
700425
650476
760568
580542
630555
700462
480563
480594
750481
750483
480637
700521
480700
550634
650618
630721
700573
490555
700596
490592
580706
580712
650692
700651
550725
650730
580766
550738
580775
650745
480851
140656
760845
700706
500789
760860
650776
630901
650789
640834
650798
750724
500824
480898
650819
650845
650856
650857
550863
480939
670834
650871
640904
650879
480958
480967
131074
550902
631015
631034
140784
481022
650943
650945
590829
650950
650952
480017
630021
630023
740028
480037
750043
640043
580046
480045
480043
580063
750068
580080
490080
650091
480122
650125
640148
700142
760165
480176
480186
750194
480233
740200
480278
510162
670273
500289
480328
760324
580327
640348
480376
480399
750362
480405
760453
500399
480428
480509
650473
630515
630563
480576
550549
650535
500566
480602
480605
480654
640642
580645
700543
650623
480716
490541
580671
480731
480732
640697
480766
750603
480781
630790
630816
650713
760791
700659
590618
580791
700690
480867
750711
590694
480889
480911
480925
630989
640901
631002
580949
480977
770707
480993
480992
631029
481013
660885
510013
650025
740026
630041
640049
480059
480060
750078
580087
750081
700062
700072
700078
480120
490133
480159
550158
550162
590141
580206
490177
480222
480240
630266
480279
480280
630278
650267
480292
580309
740269
760330
740275
480345
480375
640381
750341
480409
640434
760503
480488
480502
700405
630486
480513
580496
490417
480538
580526
630513
740411
480561
480611
490483
700507
480660
760650
750525
480675
550615
630669
650601
630687
550629
490547
640684
650641
630735
580674
750587
480776
480788
630788
740583
480801
580742
560796
480840
490638
480857
650783
480891
630946
700780
760950
650860
481015
761017
